Brown University,Rice University,University of Florida,Washington State University,University of Waterloo,North Carolina State University,University of Illinois at Urbana-Champaign,Arizona State University,University of Pittsburgh,Polytechnic Institute of New York University,University of Pennsylvania,University of Rochester,University of California - Santa Cruz,University of British Columbia,University of Tulsa,Boston University,University of California - San Diego,Oregon State University,New York University,University of California - Los Angeles,Indiana University Bloomington,Harvard University,Ohio State University,University of Tennessee - Knoxville,Drexel University,University of Maryland - Baltimore County,Brandeis University,Vanderbilt University,Georgia Institute of Technology,University of Nebraska - Lincoln,University of Illinois at Chicago,Pennsylvania State University,University of Minnesota - Twin Cities,McGill University,Iowa State University,Johns Hopkins University,University of California - Berkeley,Stanford University,California Institute of Technology,Washington University - St. Louis,University of California - Santa Barbara,University of California - Riverside,Rutgers - State University of New Jersey - New Brunswick,University of Southern California,Columbia University,Illinois Institute of Technology,University of Virginia,Texas A&M University,Case Western Reserve University,Princeton University,University of Iowa,University of Wisconsin - Madison,Naval Postgraduate University,Michigan State University,William & Mary,Clemson University,Yale University,University of Utah,Northeastern University,University of Arizona,Stony Brook University,University of Washington,Purdue University,Massachusetts Institute of Technology,University of Notre Dame,Simon Fraser University (Canada),Carnegie Mellon University,University of California - Irvine,University of California - Davis,Northwestern University,University of Toronto,Rensselaer Polytechnic Institute,University of Texas - Austin,University of Oregon,University of Texas - Dallas,University of Massachusetts - Amherst,University of Delaware,University of Calgary,Florida State University,University of Chicago,Colorado State University,Cornell University,Virginia Polytechnic Institute and State University,University of Colorado Boulder,Duke University,Tufts University,University of North Carolina - Chapel Hill,George Mason University,University of Maryland - College Park,University of Alberta,Dartmouth College,University of Michigan
1,0,0,0,1,0,1,0,1,1,0,0,0,0,0,0,0,1,0,0,1,0,0,0,0,0,2,0,1,1,0,0,1,0,0,2,0,0,0,0,0,0,0,0,1,0,1,0,0,0,0,0,1,0,0,1,0,2,0,0,3,0,0,0,0,0,2,0,0,1,1,2,2,0,0,1,1,0,0,0,0,0,3,1,0,0,0,0,1,0,0,0
1,2,0,0,0,0,0,0,0,0,1,2,2,0,1,0,0,0,0,0,1,0,0,0,0,0,0,0,1,0,0,0,0,1,0,0,0,0,0,1,0,0,2,0,0,0,0,1,0,1,0,0,0,0,3,0,1,2,0,0,0,0,0,0,0,0,0,1,0,2,1,0,0,0,0,0,0,0,0,2,0,0,0,0,0,0,0,1,2,0,0,0
0,0,1,0,0,0,0,0,0,0,0,0,0,0,0,0,0,1,0,0,0,0,0,1,0,0,0,0,0,0,0,0,0,0,0,0,0,0,0,0,0,0,0,0,0,0,0,0,0,0,0,0,0,0,0,0,0,0,0,0,0,0,0,0,0,0,0,0,0,0,0,0,0,0,0,0,0,0,0,0,0,0,1,0,0,0,0,0,1,0,0,0
0,0,0,2,0,0,0,0,0,0,0,0,0,0,0,0,0,0,0,0,0,0,0,0,0,0,0,0,0,0,0,0,0,0,1,0,0,0,0,0,0,0,0,0,0,0,0,0,0,0,0,0,0,0,0,0,0,0,0,0,0,0,0,0,0,0,0,0,0,0,0,0,0,0,0,0,0,0,0,0,0,0,0,0,0,0,0,0,0,0,0,0
0,0,0,0,7,0,0,1,0,0,0,0,0,0,0,0,0,0,0,0,2,0,0,0,0,0,0,0,1,0,0,0,0,1,0,0,0,1,0,0,0,0,0,0,0,0,0,0,0,0,0,0,0,0,0,0,0,0,0,0,1,0,0,1,0,0,0,0,0,0,0,0,1,0,0,0,0,1,1,1,2,0,0,0,0,0,0,0,0,5,0,0
0,0,0,0,0,4,0,0,0,0,0,0,1,0,0,0,0,2,0,0,0,0,0,1,0,1,0,0,2,1,0,0,0,0,0,0,0,0,0,0,0,0,0,0,0,0,1,1,0,0,0,0,0,0,1,3,0,0,0,0,0,0,0,0,0,0,1,0,0,0,0,0,0,0,0,0,0,0,0,0,0,0,0,1,0,0,0,2,0,0,0,0
1,0,4,2,0,5,4,0,2,0,0,1,0,0,0,0,1,5,0,5,2,0,4,3,0,1,1,0,2,0,2,1,2,2,0,0,1,0,0,3,2,0,1,0,0,0,3,7,0,1,2,3,0,3,0,0,0,2,0,1,4,2,3,0,3,0,0,4,0,4,1,1,2,2,0,1,1,0,2,1,1,1,1,1,2,1,0,1,1,1,0,7
0,0,0,1,0,0,0,4,0,0,0,0,0,0,0,0,0,0,0,0,1,0,0,0,0,0,0,1,1,0,0,0,0,0,0,0,0,0,0,0,0,0,0,0,0,0,0,0,0,0,0,0,0,0,0,1,0,0,0,0,0,0,0,0,0,0,0,0,1,0,0,0,0,0,0,0,0,0,0,0,0,0,0,0,0,0,0,0,0,0,0,0
0,0,0,0,0,2,0,1,1,0,0,0,0,2,0,0,0,0,0,0,0,0,0,1,0,0,0,0,0,0,0,0,0,0,0,0,1,0,0,0,0,0,0,0,0,0,1,0,0,0,0,0,0,0,0,1,0,0,0,0,0,0,0,0,0,0,3,0,0,0,0,0,0,0,1,0,1,0,1,0,0,0,0,1,0,0,0,2,1,1,0,0
0,0,0,0,0,0,0,0,0,0,0,0,0,0,0,0,0,0,0,0,0,0,0,0,0,0,0,0,0,0,0,0,0,0,0,0,0,0,0,0,0,0,0,0,0,0,0,0,0,0,0,0,0,0,0,0,0,0,0,0,0,0,0,0,0,0,0,0,0,0,0,0,0,0,0,0,0,0,0,0,0,0,0,0,0,0,0,0,0,0,0,0
1,1,0,0,0,0,2,1,0,0,0,0,2,0,0,1,3,0,0,0,0,1,0,0,0,1,1,1,0,0,1,1,4,0,0,6,0,0,0,0,0,0,2,2,6,0,1,0,0,0,0,0,1,0,0,0,1,1,0,0,1,1,0,0,1,1,0,0,0,1,0,1,0,0,1,1,2,0,0,0,0,3,0,1,1,0,0,3,3,0,0,1
0,2,1,0,0,1,0,0,1,0,0,1,0,0,0,1,2,0,0,0,0,0,2,0,0,0,0,0,1,0,0,0,0,0,0,1,0,0,0,0,0,0,0,1,0,0,0,0,0,0,0,0,0,0,0,0,0,2,0,0,0,1,0,0,0,0,0,0,0,0,0,1,0,0,0,1,0,0,0,0,0,0,0,0,0,0,0,1,2,1,0,0
0,0,1,0,0,0,0,0,0,0,0,0,3,0,0,0,1,0,0,0,0,0,0,0,0,0,0,0,0,0,0,0,0,0,0,1,0,0,0,0,0,0,0,0,0,0,0,0,0,0,0,0,0,0,0,0,0,0,0,0,0,0,0,0,0,0,0,0,0,0,0,1,0,0,0,1,0,0,0,0,0,0,0,0,0,0,0,0,0,0,0,0
0,0,0,2,4,1,0,0,0,0,0,0,0,4,0,0,0,0,0,0,0,0,0,0,0,0,0,0,0,0,0,0,0,2,0,0,0,0,0,0,0,0,0,0,0,0,0,0,0,0,0,0,0,0,0,0,0,1,0,0,0,0,0,0,0,3,0,0,0,0,0,0,0,0,1,0,0,3,0,0,0,1,0,0,0,0,0,0,1,1,0,1
0,0,0,0,0,0,0,0,0,0,0,0,0,0,2,0,0,0,0,0,0,0,0,0,0,0,0,0,0,0,0,0,0,0,0,0,0,0,0,0,0,0,0,0,0,0,0,0,0,0,0,0,0,0,0,0,0,0,0,0,0,0,0,0,0,0,0,0,0,0,0,0,0,0,0,0,0,0,0,0,0,0,0,0,0,0,0,0,0,0,0,0
0,0,0,0,0,1,0,0,0,0,0,0,0,0,0,0,0,0,0,0,0,0,0,0,0,0,0,0,0,0,0,0,0,0,0,0,0,0,0,0,0,0,0,0,0,0,0,0,0,0,0,1,0,0,0,0,0,1,0,0,0,0,1,0,0,0,0,0,0,0,0,0,0,0,0,0,0,0,0,0,0,0,0,0,0,1,0,0,0,0,0,0
0,0,0,0,0,0,1,0,0,0,0,0,4,0,0,0,2,0,0,1,0,0,0,0,0,0,0,0,1,0,1,1,0,0,0,1,1,0,0,0,4,2,0,0,1,0,0,0,0,1,0,1,2,0,0,0,0,0,0,0,0,1,1,0,0,0,1,1,0,0,0,1,0,0,0,0,0,0,0,1,1,1,0,2,0,0,0,0,0,0,0,1
0,0,0,0,0,0,0,0,0,0,0,0,0,0,0,0,0,3,0,0,0,0,0,0,0,0,0,0,0,0,0,0,0,0,0,0,0,0,0,0,0,0,0,0,0,0,0,0,0,0,0,0,0,0,0,0,0,0,0,0,0,0,0,0,0,0,0,0,0,0,0,0,0,0,0,0,0,0,0,0,0,0,0,0,0,0,0,0,0,0,0,0
1,0,0,0,0,0,0,0,0,2,0,0,0,0,0,0,0,0,1,2,0,0,0,0,0,0,0,0,1,0,2,1,0,0,0,0,0,0,0,0,0,0,1,0,2,0,0,2,0,1,0,0,0,0,0,0,0,0,1,0,2,0,2,0,0,0,1,0,1,0,0,2,0,0,0,0,0,0,1,0,0,0,0,1,2,0,1,1,3,0,0,0
0,0,0,1,1,1,0,0,0,0,1,0,2,0,0,0,1,0,0,6,0,0,1,0,0,1,0,0,0,0,0,0,0,0,0,2,2,2,0,1,2,2,1,4,1,0,1,0,0,0,0,0,0,0,0,0,0,1,0,1,2,0,0,0,0,0,1,1,1,2,0,0,2,0,0,1,1,0,1,0,1,1,1,0,0,0,0,1,0,0,0,2
0,0,0,0,0,0,0,0,0,0,0,0,0,0,0,0,0,0,0,0,0,0,0,0,0,0,0,0,0,0,0,0,0,0,0,0,0,0,0,0,0,0,0,0,0,0,0,0,0,0,0,0,0,0,0,0,0,0,0,0,0,0,0,0,0,0,0,0,0,0,0,0,0,0,0,0,0,0,0,0,0,0,0,0,0,0,0,0,0,0,0,0
0,0,1,0,0,0,1,1,1,0,1,0,0,0,0,1,1,0,2,3,2,4,0,0,0,0,0,0,1,0,1,0,1,0,0,1,2,2,0,1,0,0,1,0,3,0,0,1,0,2,0,0,0,0,0,0,2,0,0,1,3,0,0,5,0,0,4,1,1,1,0,1,1,1,0,0,0,0,0,0,0,2,0,0,3,1,4,0,3,0,0,0
0,0,0,0,1,0,1,1,0,0,0,0,0,0,0,0,1,0,0,0,0,0,2,2,0,2,0,0,2,0,1,2,0,0,0,0,0,0,0,0,0,0,0,0,0,0,0,0,0,0,0,0,0,3,0,0,0,1,1,0,1,0,2,0,1,1,1,1,0,0,0,0,0,0,1,0,1,0,1,0,0,0,1,0,0,0,0,0,0,0,1,0
0,0,0,0,0,0,0,0,0,0,0,0,0,0,0,0,0,0,0,0,0,0,0,0,0,0,0,0,0,0,0,0,0,0,0,0,0,0,0,0,0,0,0,0,0,0,0,0,0,0,0,0,0,0,0,0,0,0,0,0,0,0,0,0,0,0,0,0,0,0,0,0,0,0,0,0,0,0,0,0,0,0,0,0,0,0,0,0,0,0,0,0
0,0,0,0,0,0,0,0,0,0,0,0,0,0,0,0,0,0,0,0,0,0,0,0,0,0,0,0,0,0,0,0,0,0,0,0,0,0,0,0,0,0,0,0,0,0,0,0,0,0,0,0,0,0,0,0,2,0,0,0,0,0,0,0,0,0,0,1,0,0,0,0,0,0,0,0,0,0,0,0,0,0,0,0,0,0,0,0,0,0,0,0
0,0,0,0,0,0,0,0,0,0,0,0,0,0,0,0,0,0,0,0,0,0,0,0,0,0,0,0,0,0,0,0,0,0,0,0,0,0,0,0,0,0,0,0,0,0,0,0,0,0,0,0,0,0,0,0,0,0,0,0,0,0,0,0,0,0,0,0,0,0,0,0,0,0,0,0,0,0,0,0,0,0,0,0,0,0,0,0,0,0,0,0
0,0,0,0,0,0,0,0,0,0,0,0,0,0,0,0,0,0,1,0,0,0,0,0,0,0,1,0,0,0,0,0,0,0,0,0,0,0,0,0,0,0,0,0,0,0,0,0,0,0,0,0,0,0,0,0,0,0,0,0,0,0,0,0,0,0,0,0,0,0,0,0,0,0,0,0,0,0,0,0,0,0,0,0,0,0,0,0,1,0,0,0
0,1,0,0,0,0,0,0,0,0,0,0,0,0,0,0,0,0,0,0,1,0,0,0,0,0,0,2,0,0,0,0,0,0,0,0,0,0,0,0,0,0,0,0,0,0,0,0,0,0,0,0,0,0,2,1,0,0,0,0,0,0,0,0,0,0,0,0,0,0,0,0,0,0,0,0,0,0,0,0,0,0,0,0,0,0,0,0,0,0,0,0
0,2,1,2,1,4,1,2,0,0,0,0,0,0,0,1,0,4,0,0,0,0,1,2,0,0,0,0,10,1,0,2,1,0,0,0,1,0,0,0,2,1,3,1,0,0,0,6,0,0,0,0,1,0,0,2,0,1,0,0,3,2,2,0,1,1,3,2,0,6,0,1,0,0,0,0,1,0,0,0,0,0,4,0,0,0,1,1,2,2,0,0
0,0,0,0,0,0,0,0,0,1,0,0,0,0,1,0,0,0,0,0,0,0,0,0,0,0,0,0,0,1,0,0,0,0,0,0,0,0,0,0,0,0,0,0,0,0,0,0,0,0,0,0,0,0,0,0,0,0,0,0,0,0,0,0,0,0,1,0,0,0,0,0,0,0,0,0,0,0,0,0,0,0,0,0,0,0,0,0,0,0,0,0
0,0,0,0,0,0,0,0,0,0,0,0,0,0,0,0,0,0,0,0,0,0,0,0,0,1,1,0,0,0,0,0,0,0,0,0,0,0,0,0,0,0,0,0,0,0,0,0,0,0,0,0,0,0,0,0,0,0,0,0,0,0,1,0,0,0,0,0,0,1,0,0,0,0,0,0,0,0,0,0,0,0,0,0,0,0,0,0,0,0,0,0
0,0,2,1,0,3,0,1,0,0,0,0,0,0,0,0,2,1,0,0,0,1,0,1,0,0,0,0,0,0,0,1,0,0,0,0,0,0,0,0,0,0,0,1,0,0,1,1,0,0,0,0,0,0,0,0,0,0,0,0,1,0,2,0,0,0,1,1,1,0,0,1,0,0,0,0,0,0,0,0,0,0,0,0,0,0,0,0,1,0,0,1
0,0,3,0,0,1,1,2,1,0,0,0,0,0,0,0,0,0,0,0,0,0,2,0,0,0,0,0,1,0,0,1,1,0,0,0,0,0,0,0,1,0,1,0,0,0,0,0,0,0,0,0,0,1,0,0,0,0,0,0,0,0,1,1,0,0,1,1,0,1,0,0,0,0,0,0,0,0,0,0,0,0,1,0,0,0,0,2,0,0,0,1
0,0,0,0,0,0,0,0,0,0,0,0,0,0,0,0,0,0,0,0,0,0,0,1,0,0,0,0,0,0,0,0,0,0,0,0,0,0,0,0,0,0,0,0,0,0,0,0,0,0,0,0,0,0,0,0,0,0,0,0,0,0,0,0,0,0,0,0,0,0,0,0,0,0,0,0,0,0,0,0,0,0,0,0,0,0,0,0,0,0,0,0
0,0,0,3,0,0,0,1,0,0,0,0,0,0,1,0,0,0,0,0,0,0,0,0,0,0,0,0,1,0,0,0,0,0,0,0,0,0,0,0,0,0,0,0,0,0,0,0,0,0,0,0,0,0,0,0,0,0,0,0,0,0,0,0,1,0,0,0,0,0,0,0,0,0,0,0,0,0,0,0,0,0,0,0,0,0,0,0,0,0,0,0
0,1,0,1,0,0,0,0,0,0,0,0,0,0,0,0,0,0,0,0,0,0,0,0,0,1,0,1,0,0,0,0,0,0,0,2,0,0,0,1,1,0,0,0,0,0,0,0,0,0,0,0,0,0,0,0,0,0,1,1,0,0,1,0,0,0,1,0,0,0,0,0,1,0,0,0,0,0,0,0,0,0,0,0,0,0,0,0,2,0,0,2
2,1,2,0,4,0,6,1,2,1,3,1,0,3,0,2,13,3,2,5,0,4,0,0,0,1,0,0,5,0,0,2,4,0,0,0,15,9,3,0,1,0,1,5,4,0,2,4,0,4,0,7,0,0,0,0,2,1,0,1,1,8,0,15,0,0,12,7,5,3,1,1,3,1,1,4,1,2,0,1,0,7,0,5,3,0,8,1,3,0,0,8
0,5,0,1,0,1,7,0,0,1,3,0,7,6,0,0,10,1,6,3,0,2,1,1,0,0,1,0,2,0,1,0,0,1,0,4,8,11,0,0,1,1,3,3,5,0,0,0,0,6,1,2,1,1,0,0,2,2,1,0,2,6,2,17,1,0,13,3,0,2,2,0,5,0,1,0,0,2,0,0,0,8,1,1,5,1,2,0,2,1,2,6
2,0,0,0,0,0,1,0,0,0,0,0,0,0,0,0,0,1,1,1,1,0,1,0,0,0,0,1,1,0,0,0,0,0,0,0,1,3,3,1,0,1,0,2,1,0,0,1,1,0,0,0,0,1,0,0,0,0,0,0,0,0,0,3,0,0,3,3,0,1,1,1,1,1,0,0,0,0,0,0,0,2,1,2,1,0,0,0,0,0,0,0
0,0,0,0,0,0,0,0,0,0,0,0,0,0,1,0,0,0,0,0,0,0,0,1,0,0,0,0,1,0,0,0,0,0,0,0,0,0,0,2,0,0,0,0,0,0,0,0,0,0,0,0,0,2,0,0,0,0,0,0,0,0,0,0,0,0,1,0,0,0,0,0,0,0,0,1,0,0,0,0,1,0,0,0,1,0,0,0,0,0,0,0
0,0,2,1,0,0,0,1,0,0,0,1,0,0,0,0,0,0,0,0,0,0,0,0,0,0,0,0,0,0,1,0,0,0,0,0,0,0,0,0,1,0,0,0,0,0,0,0,0,0,0,0,2,0,0,0,0,0,0,0,0,0,1,1,0,0,0,0,0,1,0,1,0,0,3,0,0,0,1,1,0,0,1,0,0,0,0,0,0,0,1,0
0,0,0,0,0,0,0,0,0,0,0,0,0,0,0,0,0,0,0,0,0,0,0,0,0,0,0,0,0,0,1,0,0,0,0,0,0,0,0,0,0,1,0,0,0,0,0,0,0,0,0,0,0,0,0,0,0,0,0,0,0,0,0,0,0,0,0,1,0,0,0,0,0,0,0,0,0,0,0,0,0,0,0,0,0,0,0,2,0,0,0,0
0,0,1,0,1,0,0,0,0,1,0,0,0,0,0,0,0,1,0,0,0,0,1,0,0,0,0,0,0,0,0,0,0,0,0,0,0,0,0,0,1,0,0,0,0,0,0,0,1,0,0,0,0,0,0,0,0,0,1,0,0,0,0,0,0,0,1,0,1,0,1,1,0,0,0,2,0,0,0,0,0,0,1,0,0,0,0,0,0,0,0,1
0,0,3,1,0,0,0,2,0,0,0,0,0,0,0,0,1,1,0,0,0,0,2,1,0,0,0,0,0,0,0,0,1,0,0,1,0,0,0,0,1,1,0,5,0,0,0,3,0,0,0,0,0,1,0,0,0,1,0,0,0,0,0,0,0,0,0,1,0,0,0,0,0,1,2,1,0,0,0,0,0,1,0,2,0,0,0,1,1,0,0,3
0,0,0,0,0,0,1,0,0,0,3,0,0,0,0,0,0,1,1,1,0,0,1,0,0,0,0,0,3,0,0,2,1,0,0,0,0,1,0,0,1,1,2,0,4,0,0,0,0,0,0,0,0,0,0,0,0,0,1,0,1,0,0,1,0,0,2,3,2,1,0,1,3,0,1,2,0,1,0,1,0,0,0,0,0,0,1,2,1,0,0,1
0,0,0,0,0,0,0,0,0,0,0,0,0,0,0,0,0,0,0,0,0,0,0,0,0,0,0,0,0,1,0,0,0,0,0,0,0,0,0,0,0,0,0,0,0,0,0,0,0,0,0,0,0,0,0,0,0,0,0,0,0,0,0,0,0,0,0,0,0,0,0,0,0,0,0,0,0,0,0,0,0,0,0,0,0,0,0,0,0,0,0,0
0,0,1,1,0,1,0,0,1,0,0,0,0,0,0,0,0,0,0,0,1,0,0,1,0,0,0,0,0,1,0,0,2,0,2,0,0,0,0,1,0,0,0,0,0,0,2,1,0,0,0,0,0,0,1,1,0,1,0,0,1,0,0,0,0,0,2,0,0,0,0,0,0,0,0,1,0,0,1,0,0,0,0,0,0,0,1,2,0,1,0,2
0,0,0,2,0,0,0,1,0,0,0,0,0,0,0,0,0,0,0,0,0,0,1,1,0,0,0,0,0,0,0,0,0,0,1,0,0,0,0,0,0,0,0,0,0,0,0,1,0,0,0,0,0,0,0,1,0,1,0,0,0,0,0,0,0,0,0,0,0,0,0,0,0,0,0,0,0,0,0,0,0,0,0,0,0,0,0,1,0,0,0,0
0,0,0,0,0,0,0,0,0,0,0,0,0,0,0,0,0,0,0,0,1,0,0,0,0,0,0,0,1,0,0,0,0,0,0,0,0,0,0,0,0,0,0,0,0,0,0,0,1,0,0,0,1,0,0,0,0,0,0,0,0,0,0,0,0,0,0,0,0,0,0,0,0,0,0,0,0,0,0,0,0,0,1,0,0,0,0,1,0,1,0,0
2,2,1,0,1,1,1,1,0,0,6,0,1,1,0,1,4,0,1,1,1,3,0,3,0,1,1,1,0,0,0,1,1,0,0,1,1,1,1,0,1,1,2,3,3,0,4,0,0,3,0,0,0,0,1,1,2,0,0,1,0,1,1,2,0,0,1,1,1,6,1,0,2,0,1,1,0,0,0,3,0,1,0,2,1,1,0,1,1,0,1,7
0,0,0,0,0,0,0,2,0,0,0,0,0,0,1,0,0,0,0,0,0,0,0,0,0,0,0,0,0,0,0,1,1,0,0,0,0,0,0,0,0,0,0,0,0,0,0,0,0,0,0,0,0,0,0,0,0,0,0,0,0,1,0,0,0,0,0,0,0,1,0,0,0,0,0,0,0,0,0,0,0,0,1,0,0,0,0,0,0,0,0,0
0,0,2,0,1,1,5,0,0,1,3,2,1,0,0,0,0,0,1,0,0,0,1,0,0,0,0,0,2,0,0,0,0,1,0,1,1,1,0,0,0,1,3,3,0,0,0,0,1,0,0,1,0,1,0,0,0,0,0,1,1,1,2,0,1,1,1,0,2,2,2,1,0,0,0,0,0,0,0,2,0,2,0,0,3,0,1,0,3,0,0,2
0,0,0,0,0,0,0,0,0,0,0,0,0,0,0,0,0,0,0,0,0,0,0,0,0,0,0,0,0,0,0,0,0,0,0,0,0,0,0,0,0,0,0,0,0,0,0,0,0,0,0,0,0,0,0,0,0,0,0,0,0,0,0,0,0,0,0,0,0,0,0,0,0,0,0,0,0,0,0,0,0,0,0,0,0,0,0,0,0,0,0,0
0,0,0,1,0,0,0,0,1,0,0,0,0,0,0,0,0,0,0,0,0,0,0,0,0,0,0,1,0,0,0,0,0,0,0,0,0,0,0,0,0,0,0,1,0,0,0,0,0,0,2,0,0,1,0,0,0,0,0,0,0,0,2,0,1,0,0,1,0,0,0,0,0,0,0,0,0,0,0,0,0,0,0,0,0,0,0,0,0,0,0,1
0,0,0,0,0,0,0,0,0,0,0,0,0,0,0,0,0,0,0,0,0,0,0,0,0,0,0,0,0,0,0,0,0,0,0,0,0,0,0,0,0,0,0,0,0,0,0,0,0,0,0,0,0,0,0,0,0,0,0,0,0,0,0,0,0,0,0,0,0,0,0,0,0,0,0,0,0,0,0,0,0,0,0,0,0,0,0,0,0,0,0,0
0,0,0,0,0,0,0,0,0,0,0,0,0,0,0,0,0,0,0,0,0,0,0,0,0,0,0,0,0,1,0,0,0,0,0,0,0,0,0,0,0,0,0,0,0,0,0,0,0,0,0,0,0,0,1,0,0,0,0,0,0,0,0,0,0,0,0,0,0,0,0,0,0,0,0,0,0,0,0,0,0,0,0,0,0,0,1,0,0,0,0,0
1,0,0,0,0,0,3,0,0,0,2,0,0,0,0,0,0,0,4,1,1,0,0,0,0,0,0,0,1,0,0,0,0,0,0,0,0,1,0,0,0,0,1,0,0,0,0,0,0,2,0,0,1,1,0,0,1,0,0,0,0,0,1,0,0,0,4,2,0,3,0,0,0,1,1,0,1,0,0,0,0,1,0,2,0,0,0,0,1,1,0,1
0,0,0,0,0,1,0,0,0,0,0,0,0,0,0,0,0,0,0,0,0,0,1,0,0,0,0,0,0,0,0,0,0,0,0,0,1,0,0,0,0,0,0,0,0,0,0,2,0,0,0,0,0,0,0,0,1,10,0,1,0,0,0,0,0,0,0,0,1,0,0,0,0,0,0,2,0,0,0,2,1,0,1,0,0,0,1,0,0,1,0,0
0,0,0,0,0,0,0,0,0,0,0,0,0,0,0,0,0,0,0,0,1,0,0,0,0,0,0,0,0,0,0,0,0,0,0,0,0,0,0,0,0,0,0,0,0,0,0,0,0,0,0,0,0,0,0,0,0,0,0,0,0,0,0,0,0,0,0,1,0,0,0,0,0,0,0,0,0,0,0,0,0,0,0,0,0,0,0,0,0,0,1,0
0,0,0,1,0,1,0,1,1,1,0,0,0,0,0,0,0,0,0,0,0,0,0,0,0,0,0,0,0,0,0,0,0,0,0,0,0,0,0,0,0,0,0,0,0,0,0,0,0,1,0,0,0,0,0,0,0,0,0,2,0,0,1,0,0,0,0,0,2,0,0,1,0,0,0,0,0,0,0,0,0,0,0,0,0,0,0,0,0,0,0,0
0,0,0,1,0,0,2,2,0,1,0,0,1,0,0,0,0,0,1,0,0,1,1,0,0,0,0,0,1,0,0,0,0,0,0,0,0,1,0,0,1,0,1,1,0,0,0,0,0,0,0,0,0,0,0,0,2,1,0,1,4,0,0,0,0,0,0,0,1,1,0,0,0,0,1,0,0,0,2,0,0,2,0,0,0,0,0,0,1,0,0,0
1,0,0,3,2,0,2,1,0,0,2,0,0,6,0,0,8,0,2,1,0,1,0,2,0,0,0,0,4,0,0,1,1,1,1,0,3,1,0,2,0,0,1,1,2,0,1,1,1,2,0,3,0,0,1,0,0,1,0,1,0,2,0,0,0,0,3,2,1,2,0,1,1,1,0,1,0,0,0,0,0,4,0,3,3,1,1,0,2,0,0,2
0,0,2,0,2,2,0,2,0,0,0,0,0,0,0,0,0,4,1,0,0,0,1,1,0,1,0,0,0,0,1,0,2,1,0,0,0,0,0,0,0,1,0,0,0,0,0,1,1,0,1,1,0,2,0,0,0,1,1,2,1,0,1,0,3,0,0,1,2,2,1,0,0,0,4,0,1,0,0,0,1,0,4,0,1,0,0,0,2,1,0,0
11,5,0,1,1,1,4,2,1,1,6,2,0,4,0,5,7,0,5,5,3,6,3,1,0,3,0,0,11,1,1,3,1,2,0,1,12,8,2,3,2,1,2,4,7,0,2,4,0,4,0,1,4,0,0,3,5,2,2,1,3,10,5,37,0,0,21,5,2,8,3,1,7,1,0,4,2,0,0,10,0,13,0,3,7,2,0,0,7,0,4,9
0,0,1,0,0,0,0,0,0,0,0,0,0,0,0,0,0,0,0,0,0,0,0,1,0,0,0,1,0,0,0,0,0,0,0,0,0,0,0,0,0,0,0,0,0,0,0,0,0,0,0,0,0,0,0,1,0,0,0,0,0,0,0,0,1,0,1,0,0,0,0,0,0,0,1,0,0,0,0,0,0,0,0,0,0,0,0,0,0,0,0,0
0,0,0,0,0,0,0,0,0,0,0,0,0,0,0,0,0,0,0,0,0,0,0,0,0,0,0,0,0,0,0,0,0,0,0,0,0,0,0,0,0,0,0,0,0,0,0,0,0,0,0,0,0,0,0,0,0,0,0,0,0,0,0,0,0,0,0,0,0,0,0,0,0,0,0,0,0,0,0,0,0,0,0,0,0,0,0,0,0,0,0,0
0,1,2,0,4,0,3,3,1,0,2,1,0,0,0,1,1,3,1,2,2,1,0,1,0,0,0,0,11,0,1,0,3,1,1,1,4,7,2,1,0,0,0,8,6,0,1,3,0,3,0,7,0,2,0,0,1,1,1,1,3,4,2,2,1,0,35,0,0,4,3,0,2,0,0,1,0,0,0,1,0,3,1,0,2,1,0,1,3,2,1,8
0,0,1,0,0,0,0,1,0,0,0,0,1,0,0,0,0,0,0,0,0,0,0,0,0,0,0,1,1,0,0,0,1,0,0,0,0,0,0,0,0,2,0,1,0,0,0,0,0,0,0,0,0,0,0,0,0,0,0,0,0,1,0,0,1,0,1,3,0,0,0,0,3,2,1,0,0,0,0,0,0,0,1,2,0,0,0,1,1,0,0,0
0,0,0,0,0,0,0,0,0,0,0,0,0,1,0,0,1,0,0,0,0,0,1,0,0,1,0,0,0,2,0,0,0,0,1,0,0,0,0,0,2,0,0,0,0,0,0,0,0,0,0,0,0,0,0,0,0,0,0,0,0,1,0,0,0,0,0,0,0,0,0,0,0,1,1,0,0,1,1,0,0,0,0,1,0,0,0,0,0,0,0,0
0,0,0,1,0,0,0,2,2,0,0,0,0,0,0,0,0,0,0,0,0,0,0,0,0,0,0,0,1,0,2,1,1,0,1,0,0,0,0,1,0,0,0,1,0,1,0,0,0,0,0,0,0,1,0,0,0,0,0,0,0,0,0,0,0,0,0,0,0,2,0,0,0,0,1,0,0,0,0,0,0,0,0,1,0,0,0,0,0,0,0,0
0,0,0,1,13,0,0,2,0,0,1,3,1,5,0,1,0,0,0,0,1,0,0,0,0,0,0,0,0,0,1,1,0,4,0,0,0,0,0,0,0,0,2,0,0,0,0,0,1,1,0,0,0,0,0,0,0,0,0,0,1,4,0,1,0,3,3,2,1,0,14,0,1,1,1,4,0,2,0,0,0,1,0,0,0,0,1,0,1,7,0,0
0,0,0,0,0,0,0,0,0,0,0,0,0,0,0,0,0,0,0,0,0,0,0,0,0,0,0,0,0,0,0,0,0,0,0,0,0,0,0,0,0,0,0,0,0,0,0,0,0,0,1,0,0,0,0,0,0,0,0,0,0,0,0,0,0,0,0,0,0,0,0,0,0,0,0,0,0,0,0,0,0,0,0,0,0,0,0,0,0,0,0,0
0,2,1,1,1,2,0,1,1,1,0,0,1,0,0,1,1,0,0,1,0,0,2,0,0,0,1,0,2,0,1,0,3,1,0,1,0,0,0,0,3,0,0,0,3,0,1,3,0,1,0,1,1,2,0,1,2,1,2,0,2,1,0,0,0,0,2,2,2,1,0,0,4,0,3,4,0,0,0,0,0,0,0,0,0,1,5,0,2,1,0,2
0,0,0,1,0,0,0,0,0,0,0,0,0,0,0,0,0,0,0,0,1,0,0,0,0,0,0,0,0,0,0,0,0,0,0,0,0,0,0,0,0,0,0,0,0,0,0,0,0,0,0,0,0,0,0,0,0,0,0,0,0,0,0,0,0,0,0,0,0,0,0,0,0,0,0,0,0,0,0,0,0,0,0,0,0,0,0,0,0,0,0,0
0,0,0,1,0,0,0,0,0,0,0,0,0,0,0,0,0,0,0,0,0,0,0,0,0,0,0,0,0,0,0,0,0,0,0,0,0,0,0,0,0,0,0,0,0,0,0,0,0,0,0,0,0,0,0,1,0,0,0,0,0,0,0,0,0,0,0,0,0,0,0,0,2,0,0,0,0,0,0,0,0,0,0,0,0,0,0,0,0,0,0,0
1,0,0,1,0,1,0,0,1,0,0,0,0,0,0,0,0,0,0,0,0,1,0,0,0,2,1,0,1,0,1,3,2,1,0,0,0,0,0,0,0,0,1,0,3,0,1,0,1,0,0,0,0,1,0,2,0,2,1,0,2,0,2,0,0,0,3,0,0,0,0,0,0,0,0,4,2,0,0,0,4,3,0,0,0,0,0,0,0,1,0,5
0,0,0,0,0,0,0,0,0,0,0,0,0,0,0,0,0,0,0,0,0,0,0,0,0,0,1,0,0,0,0,0,0,0,0,0,0,0,0,0,0,0,0,0,0,0,0,0,0,0,0,0,0,0,0,0,0,0,0,0,0,0,0,0,0,0,0,0,0,0,0,0,0,0,0,0,3,0,0,0,0,0,0,0,0,0,0,0,0,0,0,0
0,0,0,0,2,0,0,0,0,0,0,0,0,0,0,0,0,0,0,0,0,0,0,0,0,0,0,0,0,0,0,0,0,0,0,0,0,0,0,0,0,0,0,0,0,0,0,0,0,0,0,0,0,0,0,0,0,1,0,0,0,0,0,0,0,0,0,0,0,0,0,0,0,0,0,0,0,4,0,0,0,0,0,0,0,0,0,0,0,0,0,0
0,0,0,0,0,1,0,0,0,0,0,0,0,0,0,0,0,0,0,0,0,0,0,0,0,0,0,0,0,0,0,0,0,0,0,0,0,0,0,0,0,0,0,0,0,0,0,0,0,0,0,0,0,0,0,0,0,0,0,0,0,0,0,0,0,0,0,0,0,0,0,0,0,0,0,0,0,0,0,0,1,0,0,0,0,0,0,0,0,0,0,0
0,0,0,0,0,0,0,0,0,0,0,2,0,0,0,0,0,0,0,0,0,0,1,0,0,0,1,0,0,0,0,0,0,0,0,0,0,0,0,0,0,0,1,0,0,0,0,0,0,0,0,1,0,0,0,0,0,0,0,0,0,0,1,0,0,0,3,0,0,0,0,0,2,0,0,0,1,0,0,3,0,1,0,0,0,0,0,0,0,0,0,0
0,0,0,0,0,0,0,0,0,0,0,0,0,0,0,0,0,0,0,0,0,0,0,0,0,0,0,0,0,0,0,0,0,0,0,0,0,0,0,0,0,0,0,0,0,0,0,0,0,0,0,0,0,0,0,0,0,0,0,0,0,0,0,0,0,0,0,0,0,0,0,0,0,0,0,0,0,0,0,0,0,0,0,0,0,0,0,0,0,0,0,0
0,2,2,2,2,1,2,0,0,0,4,3,0,1,0,0,3,2,1,0,2,1,0,3,0,0,0,0,3,0,0,1,2,1,0,1,0,4,1,0,2,0,0,2,2,0,0,0,0,1,1,3,0,0,0,0,2,0,0,0,3,2,2,1,0,0,4,0,0,0,1,1,4,0,2,3,0,0,0,5,0,5,1,2,1,0,3,1,3,0,1,1
0,0,0,0,0,0,0,0,0,0,0,0,0,0,0,0,0,0,0,0,0,0,0,1,0,0,0,0,1,0,0,0,0,0,0,0,0,0,0,0,0,0,0,0,0,0,0,0,0,0,0,0,0,0,0,0,0,0,0,0,0,0,0,0,0,0,0,0,0,0,0,0,0,0,1,0,0,0,0,0,0,0,0,0,0,0,0,0,0,0,0,0
1,0,0,0,0,1,1,0,0,0,0,0,3,0,0,0,1,0,0,0,0,0,1,1,0,0,0,0,0,0,0,0,1,0,0,0,0,0,0,0,0,0,0,0,0,0,0,1,0,0,0,0,0,0,0,0,0,0,0,0,0,0,0,0,0,0,2,2,1,0,0,0,0,0,0,2,0,0,0,0,1,0,0,2,0,0,0,1,0,0,0,0
0,0,0,0,0,0,0,0,0,0,0,0,0,0,0,0,0,0,0,0,1,0,1,0,0,0,0,0,0,0,0,0,0,0,1,0,0,0,0,0,0,0,0,0,0,0,1,0,0,0,0,0,0,1,0,0,0,1,0,0,0,0,0,0,1,0,1,0,0,0,0,1,0,0,0,0,0,0,0,0,0,0,0,0,4,0,1,0,1,0,1,0
0,0,0,0,0,0,0,0,0,0,0,0,0,0,0,0,0,0,0,0,0,0,0,0,0,0,0,0,0,0,0,0,0,0,0,0,0,0,0,0,0,0,0,0,0,0,0,0,0,0,0,0,0,0,0,0,0,0,0,0,0,0,0,0,0,0,0,0,0,1,0,0,0,0,0,0,0,0,0,0,0,0,0,0,0,1,0,0,0,0,0,0
0,0,1,0,0,2,0,0,0,0,0,0,0,0,0,0,0,0,0,0,0,0,0,1,0,2,0,0,1,0,0,1,2,0,0,0,0,1,0,0,1,0,0,1,2,0,0,1,0,0,0,0,0,0,0,2,0,4,0,0,0,0,2,0,0,0,0,2,0,0,0,0,0,0,2,0,0,0,0,0,0,0,1,0,3,1,5,0,1,0,0,0
0,0,0,0,0,1,1,1,0,0,0,0,0,0,0,0,0,0,0,0,0,0,0,0,0,0,0,0,0,0,0,1,0,0,0,0,0,0,0,0,0,0,0,0,0,0,0,0,0,0,0,0,1,0,0,0,0,0,0,0,0,0,0,0,0,0,0,0,0,0,0,0,0,0,0,0,0,0,0,0,2,0,0,0,0,0,0,0,0,0,0,0
1,0,0,0,0,0,0,3,2,0,1,1,0,1,0,2,0,2,1,0,0,0,1,1,0,4,0,0,1,0,0,0,1,0,0,2,0,0,0,1,2,2,2,0,0,0,0,0,0,0,0,2,0,0,0,0,0,0,0,0,1,0,3,0,0,1,2,1,0,0,3,1,1,0,1,2,0,0,0,0,0,0,2,0,1,0,0,4,4,0,0,1
0,0,0,0,1,0,0,0,0,0,0,0,0,0,0,0,0,0,0,0,1,0,0,0,0,0,0,0,0,0,0,0,0,0,0,0,0,0,0,0,0,0,0,0,0,0,0,0,2,0,0,0,1,0,0,0,0,0,0,0,0,0,1,0,0,1,0,0,0,0,1,0,0,0,0,0,0,3,0,0,0,0,0,0,0,0,0,0,0,2,0,0
0,0,0,0,0,0,0,0,0,0,0,0,0,0,0,0,0,0,0,0,0,0,0,0,0,0,0,0,0,0,0,0,1,0,0,0,0,0,0,0,0,0,0,0,2,0,0,0,0,0,0,0,0,1,1,0,0,0,0,0,0,0,0,0,0,0,1,0,0,0,0,0,0,0,0,0,0,0,0,0,0,0,0,0,0,0,0,0,0,0,0,0
0,0,1,0,0,0,4,2,0,1,0,0,0,0,1,0,0,0,0,0,0,0,1,0,0,0,0,1,3,0,2,2,0,0,0,1,0,1,0,0,0,1,0,1,0,0,0,2,0,1,0,0,0,0,0,0,0,0,0,0,0,0,0,0,0,0,2,1,0,2,1,0,2,1,0,3,1,0,1,0,0,2,2,2,3,0,0,1,0,0,0,6